2,2,2,1,"7:30"
2,7,4,8,"7:30"
2,7,5,7,"7:30"
2,14,7,10,"7:30"
2,21,5,1,"7:30"
2,21,4,2,"7:30"
2,21,3,7,"7:30"
2,21,6,9,"7:30"
2,23,6,3,"7:30"
2,24,5,2,"7:30"
2,24,8,4,"7:30"
2,26,1,3,"7:30"
2,28,8,2,"7:30"
2,28,9,3,"7:30"
2,28,10,5,"7:30"
2,28,4,6,"7:30"
3,2,7,2,"7:30"
3,2,3,4,"7:30"
3,2,9,6,"7:30"
3,4,6,8,"7:30"
3,5,2,5,"7:30"
3,7,1,5,"7:30"
3,7,2,7,"7:30"
3,7,8,9,"7:30"
3,7,4,10,"7:30"
3,9,1,7,"7:30"
3,9,4,9,"7:30"
3,11,6,10,"7:30"
3,12,8,3,"7:30"
3,12,5,9,"7:30"
3,14,5,8,"7:30"
3,14,6,1,"7:30"
3,14,10,3,"7:30"
3,14,7,4,"7:30"
3,14,2,9,"7:30"
3,16,1,8,"7:30"
3,16,7,6,"7:30"
3,16,2,10,"7:30"
3,19,9,1,"7:30"
3,21,10,1,"7:30"
3,21,6,2,"7:30"
3,21,5,3,"7:30"
3,21,9,4,"7:30"
3,21,8,7,"7:30"
3,23,10,4,"7:30"
3,23,5,6,"7:30"
3,24,3,8,"7:30"
3,24,1,2,"7:30"
3,26,7,5,"7:30"
3,28,9,8,"7:30"
3,28,7,1,"7:30"
3,28,2,3,"7:30"
3,28,4,5,"7:30"
3,28,10,6,"7:30"
3,30,3,5,"7:30"
3,30,10,9,"7:30"
3,31,4,7,"7:30"
4,2,8,10,"7:30"
4,4,2,8,"7:30"
4,4,1,4,"7:30"
4,4,3,6,"7:30"
4,4,7,9,"7:30"
4,4,5,10,"7:30"
4,6,3,2,"7:30"
4,6,1,6,"7:30"
4,6,10,7,"7:30"
4,9,8,1,"7:30"
4,9,6,4,"7:30"
4,9,9,10,"7:30"
4,11,3,1,"7:30"
4,11,10,2,"7:30"
4,11,5,4,"7:30"
4,11,8,6,"7:30"
4,11,9,7,"7:30"
4,13,7,3,"7:30"
4,13,9,5,"7:30"
4,13,2,6,"7:30"
4,14,4,1,"7:30"
4,15,10,8,"7:30"
4,16,2,4,"7:30"
4,16,3,9,"7:30"
4,18,7,8,"7:30"
4,18,6,5,"7:30"
4,18,1,9,"7:30"
4,18,3,10,"7:30"
4,20,9,2,"7:30"
4,20,4,3,"7:30"
4,20,8,5,"7:30"
4,20,6,7,"7:30"
4,20,1,10,"7:30"
