1,16,1,2,"7:30"
1,24,4,1,"7:30"
2,4,3,5,"7:30"
2,7,2,1,"7:30"
2,13,6,8,"7:30"
2,14,1,10,"7:30"
2,19,4,8,"7:30"
2,21,9,4,"7:30"
2,21,5,1,"7:30"
2,21,10,7,"7:30"
2,23,5,4,"7:30"
2,25,3,7,"7:30"
2,26,8,5,"7:30"
2,26,1,6,"7:30"
2,26,2,9,"7:30"
2,28,4,3,"7:30"
2,28,7,5,"7:30"
2,28,11,9,"7:30"
2,28,8,10,"7:30"
3,4,6,9,"7:30"
3,5,8,1,"7:30"
3,5,7,2,"7:30"
3,5,3,10,"7:30"
3,7,9,3,"7:30"
3,7,11,4,"7:30"
3,7,10,8,"7:30"
3,7,7,1,"7:30"
3,7,5,2,"7:30"
3,10,2,11,"7:30"
3,10,9,5,"7:30"
3,12,8,11,"7:30"
3,12,4,6,"7:30"
3,12,5,7,"7:30"
3,12,10,9,"7:30"
3,14,1,11,"7:30"
3,14,3,6,"7:30"
3,14,4,7,"7:30"
3,14,2,10,"7:30"
3,15,9,8,"7:30"
3,16,10,4,"7:30"
3,17,8,3,"7:30"
3,18,9,2,"7:30"
3,19,11,7,"7:30"
3,19,6,10,"7:30"
3,21,1,3,"7:30"
3,21,4,11,"7:30"
3,21,8,2,"7:30"
3,21,6,5,"7:30"
3,21,7,9,"7:30"
3,23,11,6,"7:30"
3,23,5,10,"7:30"
3,25,11,8,"7:30"
3,25,4,2,"7:30"
3,26,10,1,"7:30"
3,26,3,9,"7:30"
3,28,3,4,"7:30"
3,28,10,11,"7:30"
3,28,2,5,"7:30"
3,28,7,6,"7:30"
3,29,1,8,"7:30"
3,30,11,3,"7:30"
4,1,2,7,"7:30"
4,1,8,9,"7:30"
4,2,6,11,"7:30"
4,4,7,3,"7:30"
4,4,9,1,"7:30"
4,4,5,6,"7:30"
4,6,2,3,"7:30"
4,6,6,4,"7:30"
4,7,7,8,"7:30"
4,9,11,2,"7:30"
4,9,1,5,"7:30"
4,9,9,6,"7:30"
4,11,5,11,"7:30"
4,11,6,2,"7:30"
4,11,9,7,"7:30"
4,11,4,10,"7:30"
4,13,3,8,"7:30"
4,13,10,5,"7:30"
4,15,10,3,"7:30"
4,16,8,4,"7:30"
4,16,11,1,"7:30"
4,16,6,7,"7:30"
4,18,1,4,"7:30"
4,18,3,11,"7:30"
4,18,2,6,"7:30"
4,18,5,9,"7:30"
4,19,7,10,"7:30"
