2,21,4,1,"7:30"
2,25,7,5,"7:30"
2,26,1,6,"7:30"
2,28,5,2,"7:30"
2,28,6,7,"7:30"
3,5,2,1,"7:30"
3,5,7,4,"7:30"
3,7,7,3,"7:30"
3,7,2,6,"7:30"
3,10,4,6,"7:30"
3,12,3,1,"7:30"
3,14,3,6,"7:30"
3,17,1,7,"7:30"
3,19,3,4,"7:30"
3,19,1,5,"7:30"
3,21,7,2,"7:30"
3,21,5,3,"7:30"
3,26,5,1,"7:30"
3,26,4,2,"7:30"
3,26,6,3,"7:30"
3,28,2,3,"7:30"
3,28,6,4,"7:30"
4,2,1,2,"7:30"
4,2,4,5,"7:30"
4,2,3,7,"7:30"
4,4,2,5,"7:30"
4,4,4,7,"7:30"
4,7,6,1,"7:30"
4,9,3,5,"7:30"
4,9,7,6,"7:30"
4,11,5,6,"7:30"
4,11,2,7,"7:30"
4,13,2,4,"7:30"
4,16,1,4,"7:30"
4,18,6,2,"7:30"
4,18,1,3,"7:30"
4,18,5,7,"7:30"
4,20,5,4,"7:30"
4,22,3,2,"7:30"
4,25,7,1,"7:30"
4,25,4,3,"7:30"
4,25,6,5,"7:30"
