2,1,3,6,"7:30"
2,19,2,8,"7:30"
2,21,9,1,"7:30"
2,21,8,3,"7:30"
2,22,5,4,"7:30"
2,23,3,2,"7:30"
2,25,2,5,"7:30"
2,25,4,7,"7:30"
2,25,9,8,"7:30"
2,26,1,6,"7:30"
2,28,4,2,"7:30"
2,28,5,7,"7:30"
2,28,3,9,"7:30"
3,2,5,6,"7:30"
3,3,8,4,"7:30"
3,4,7,2,"7:30"
3,5,6,9,"7:30"
3,7,7,1,"7:30"
3,7,3,5,"7:30"
3,7,4,9,"7:30"
3,11,8,1,"7:30"
3,11,9,5,"7:30"
3,11,6,7,"7:30"
3,12,3,4,"7:30"
3,14,9,2,"7:30"
3,14,7,3,"7:30"
3,14,1,5,"7:30"
3,14,8,6,"7:30"
3,16,1,2,"7:30"
3,18,5,8,"7:30"
3,18,7,9,"7:30"
3,19,2,3,"7:30"
3,21,9,3,"7:30"
3,21,8,7,"7:30"
3,22,6,4,"7:30"
3,25,4,1,"7:30"
3,25,5,3,"7:30"
3,25,2,6,"7:30"
3,28,1,3,"7:30"
3,28,9,6,"7:30"
3,29,4,5,"7:30"
3,30,3,7,"7:30"
4,1,2,4,"7:30"
4,1,1,9,"7:30"
4,2,7,5,"7:30"
4,2,3,8,"7:30"
4,4,6,1,"7:30"
4,4,4,3,"7:30"
4,4,8,9,"7:30"
4,5,2,7,"7:30"
4,7,3,1,"7:30"
4,8,6,8,"7:30"
4,9,5,2,"7:30"
4,11,5,1,"7:30"
4,11,7,6,"7:30"
4,11,4,8,"7:30"
4,12,2,9,"7:30"
4,15,8,2,"7:30"
4,15,1,7,"7:30"
4,16,6,3,"7:30"
4,16,9,4,"7:30"
4,18,7,4,"7:30"
4,18,1,8,"7:30"
4,19,6,5,"7:30"
4,21,7,8,"7:30"
4,22,2,1,"7:30"
4,22,4,6,"7:30"
4,23,5,9,"7:30"
4,25,8,5,"7:30"
4,25,9,7,"7:30"
4,26,6,2,"7:30"
4,26,1,4,"7:30"
