 9 
 16 
 27 
 31 
 36 
 40 
 40 
 40 
 50 
 62 
 67 
 71 
 71 
 76 
 14 
 19 
 33 
 41 
 43 
 47 
 47 
 47 
 58 
 69 
 74 
 89 
 89 
 94 
 4 
 12 
 22 
 30 
 37 
 40 
 40 
 40 
 49 
 55 
 64 
 71 
 71 
 75 
 11 
 23 
 40 
 50 
 54 
 62 
 62 
 62 
 72 
 79 
 94 
 97 
 104 
 112 
 8 
 14 
 21 
 33 
 34 
 37 
 37 
 37 
 40 
 52 
 63 
 72 
 74 
 78 
 10 
 19 
 26 
 36 
 42 
 44 
 44 
 44 
 57 
 64 
 72 
 84 
 85 
 91 
 6 
 15 
 19 
 26 
 35 
 38 
 38 
 38 
 47 
 52 
 58 
 61 
 61 
 69 
 10 
 14 
 24 
 34 
 34 
 41 
 41 
 41 
 47 
 59 
 65 
 71 
 71 
 80 
 8 
 15 
 19 
 25 
 27 
 27 
 27 
 27 
 39 
 40 
 44 
 54 
 54 
 60 
 10 
 14 
 23 
 39 
 43 
 51 
 51 
 51 
 59 
 68 
 76 
 84 
 90 
 90 
 10 
 22 
 35 
 44 
 48 
 50 
 50 
 50 
 59 
 63 
 71 
 73 
 75 
 90 
 8 
 14 
 22 
 33 
 38 
 40 
 40 
 40 
 48 
 58 
 66 
 74 
 76 
 83 
 9 
 17 
 27 
 41 
 47 
 53 
 53 
 53 
 68 
 78 
 81 
 91 
 93 
 97 
 7 
 20 
 27 
 33 
 40 
 40 
 40 
 40 
 50 
 55 
 70 
 73 
 82 
 83 
 8 
 12 
 20 
 31 
 38 
 44 
 44 
 44 
 53 
 55 
 64 
 75 
 77 
 90 
 7 
 16 
 19 
 32 
 36 
 46 
 46 
 46 
 46 
 59 
 63 
 72 
 72 
 80 
 9 
 16 
 22 
 36 
 41 
 49 
 49 
 49 
 54 
 55 
 65 
 74 
 76 
 77 
 10 
 18 
 21 
 32 
 32 
 34 
 34 
 34 
 41 
 42 
 44 
 48 
 48 
 59 
 8 
 18 
 23 
 33 
 35 
 39 
 39 
 39 
 44 
 53 
 58 
 63 
 65 
 71 
 13 
 25 
 37 
 46 
 50 
 56 
 56 
 56 
 60 
 68 
 74 
 78 
 80 
 82 
 6 
 20 
 33 
 38 
 46 
 50 
 50 
 50 
 57 
 59 
 62 
 68 
 68 
 72 
 8 
 19 
 24 
 38 
 44 
 54 
 54 
 54 
 63 
 70 
 73 
 85 
 86 
 92 
 8 
 18 
 27 
 29 
 29 
 35 
 35 
 35 
 38 
 41 
 42 
 45 
 47 
 47 
 7 
 18 
 34 
 40 
 47 
 52 
 52 
 52 
 58 
 66 
 73 
 75 
 80 
 84 
 5 
 15 
 27 
 31 
 32 
 34 
 34 
 34 
 44 
 47 
 57 
 59 
 62 
 68 
 7 
 15 
 20 
 24 
 26 
 32 
 32 
 32 
 39 
 47 
 53 
 61 
 61 
 69 
 8 
 14 
 24 
 31 
 39 
 46 
 46 
 46 
 52 
 60 
 61 
 61 
 63 
 68 
 13 
 20 
 34 
 46 
 54 
 62 
 62 
 62 
 68 
 79 
 82 
 86 
 88 
 92 
 11 
 17 
 29 
 38 
 48 
 50 
 50 
 50 
 57 
 60 
 68 
 72 
 74 
 76 
 6 
 14 
 22 
 29 
 35 
 37 
 37 
 37 
 40 
 47 
 48 
 48 
 51 
 51 
 4 
 9 
 17 
 26 
 31 
 37 
 37 
 37 
 43 
 47 
 50 
 55 
 57 
 64 
 9 
 15 
 21 
 29 
 32 
 34 
 34 
 34 
 43 
 51 
 58 
 62 
 62 
 69 
 13 
 17 
 29 
 41 
 45 
 52 
 52 
 52 
 61 
 72 
 77 
 83 
 83 
 87 
 8 
 13 
 18 
 21 
 25 
 28 
 28 
 28 
 36 
 46 
 54 
 57 
 57 
 63 
 4 
 13 
 15 
 22 
 25 
 27 
 27 
 27 
 32 
 39 
 48 
 55 
 57 
 61 
 10 
 21 
 27 
 41 
 43 
 49 
 49 
 49 
 54 
 62 
 67 
 77 
 81 
 85 
 7 
 20 
 24 
 25 
 29 
 33 
 33 
 33 
 35 
 45 
 52 
 62 
 64 
 64 
 8 
 23 
 33 
 41 
 49 
 56 
 56 
 56 
 69 
 80 
 87 
 94 
 96 
 100 
 7 
 11 
 18 
 25 
 30 
 34 
 34 
 34 
 40 
 40 
 45 
 51 
 53 
 53 
 10 
 23 
 31 
 38 
 44 
 49 
 49 
 49 
 56 
 67 
 74 
 83 
 83 
 85 
 13 
 19 
 30 
 36 
 40 
 46 
 46 
 46 
 57 
 72 
 76 
 76 
 78 
 80 
 4 
 11 
 15 
 23 
 23 
 27 
 27 
 27 
 33 
 46 
 50 
 50 
 50 
 52 
 6 
 14 
 30 
 39 
 45 
 49 
 49 
 49 
 61 
 66 
 78 
 85 
 87 
 91 
 7 
 9 
 17 
 20 
 22 
 25 
 25 
 25 
 31 
 35 
 41 
 47 
 47 
 51 
 8 
 24 
 35 
 41 
 51 
 57 
 57 
 57 
 66 
 76 
 83 
 88 
 90 
 90 
 4 
 14 
 19 
 27 
 31 
 35 
 35 
 35 
 47 
 51 
 60 
 62 
 64 
 66 
 13 
 22 
 36 
 50 
 56 
 64 
 64 
 64 
 65 
 71 
 77 
 79 
 79 
 83 
 6 
 10 
 13 
 22 
 25 
 30 
 30 
 30 
 32 
 48 
 56 
 61 
 63 
 70 
 8 
 12 
 21 
 29 
 34 
 36 
 36 
 36 
 40 
 41 
 44 
 46 
 47 
 49 
 14 
 24 
 38 
 46 
 54 
 57 
 57 
 57 
 61 
 65 
 72 
 77 
 77 
 77 
 0 
 8 
 12 
 15 
 19 
 25 
 25 
 25 
 33 
 39 
 45 
 51 
 55 
 57 
 8 
 12 
 18 
 28 
 31 
 37 
 37 
 37 
 45 
 50 
 60 
 66 
 72 
 76 
 11 
 18 
 26 
 33 
 37 
 39 
 39 
 39 
 43 
 45 
 45 
 53 
 57 
 59 
 10 
 18 
 26 
 39 
 45 
 51 
 51 
 51 
 62 
 75 
 85 
 89 
 91 
 92 
 7 
 13 
 22 
 30 
 32 
 38 
 38 
 38 
 42 
 48 
 59 
 63 
 65 
 69 
 4 
 10 
 16 
 35 
 42 
 50 
 50 
 50 
 61 
 69 
 77 
 88 
 96 
 99 
 7 
 18 
 24 
 40 
 43 
 49 
 49 
 49 
 55 
 61 
 64 
 66 
 69 
 73 
 9 
 18 
 22 
 38 
 43 
 46 
 46 
 46 
 55 
 62 
 67 
 71 
 72 
 76 
 7 
 13 
 19 
 28 
 29 
 37 
 37 
 37 
 53 
 60 
 72 
 84 
 86 
 91 
 7 
 11 
 23 
 41 
 43 
 45 
 45 
 45 
 55 
 60 
 71 
 77 
 81 
 87 
-1 
-1 
-1 
-1 
-1 
-1 
-1 
-1 
-1 
-1 
-1 
-1 
-1 
-1 
-1 
-1 
-1 
-1 
-1 
-1 
-1 
-1 
-1 
-1 
-1 
-1 
-1 
-1 
-1 
-1 
-1 
-1 
-1 
-1 
-1 
-1 
-1 
-1 
-1 
-1 
-1 
-1 
-1 
-1 
-1 
-1 
-1 
-1 
-1 
-1 
-1 
-1 
-1 
-1 
-1 
-1 
60 ST.BONAVENTU
60 CINCINNATI
60 MARSHALL
60 CINCINNATI
60 MIAMI-OH
60 CINCINNATI
60 ST.JOSEPH'S
60 CINCINNATI
60 LOUISVILLE
60 CINCINNATI
60 CINCINNATI
60 BRADLEY
60 CINCINNATI
60 ST.BONAVENTU
60 CINCINNATI
60 ST.JOSEPH'S
60 CINCINNATI
60 IOWA
60 DAYTON
60 CINCINNATI
60 WICHITA ST
60 CINCINNATI
60 TULSA
60 CINCINNATI
60 CINCINNATI
60 ST.LOUIS
60 BRADLEY
60 CINCINNATI
60 CINCINNATI
60 DUQUESNE
60 CITADEL
60 CINCINNATI
60 CINCINNATI
60 DRAKE
60 HOUSTON
60 CINCINNATI
60 N TEXAS ST
60 CINCINNATI
60 ST.LOUIS
60 CINCINNATI
60 CINCINNATI
60 HOUSTON
60 CINCINNATI
60 N TEXAS ST
60 CINCINNATI
60 WICHITA ST
60 CINCINNATI
60 TULSA
60 DRAKE
60 CINCINNATI
60 XAVIER
60 CINCINNATI
60 DEPAUL
60 CINCINNATI
60 KANSAS
60 CINCINNATI
60 CALIFORNIA
60 CINCINNATI
60 CINCINNATI
60 NYU
XXX
XXX
XXX
XXX
 20 
 20 
 20 
 20 
 20 
 20 
 20 
 20 
 20 
 20 
 20 
 20 
 20 
 20 
 20 
 20 
 20 
 20 
 20 
 20 
 20 
 20 
 20 
 20 
 20 
 20 
 20 
 20 
 20 
 20 
 0 
 0 
