2,5,5,12,"7:30"
2,21,1,5,"7:30"
2,21,9,10,"7:30"
2,21,12,11,"7:30"
2,21,3,2,"7:30"
2,24,8,9,"7:30"
2,25,2,1,"7:30"
2,25,4,3,"7:30"
2,25,10,7,"7:30"
2,28,7,9,"7:30"
2,28,6,5,"7:30"
2,28,8,11,"7:30"
2,28,10,12,"7:30"
2,28,2,4,"7:30"
3,2,3,6,"7:30"
3,3,4,1,"7:30"
3,4,7,8,"7:30"
3,4,11,10,"7:30"
3,4,9,12,"7:30"
3,4,5,2,"7:30"
3,7,1,3,"7:30"
3,7,11,7,"7:30"
3,7,2,6,"7:30"
3,7,4,5,"7:30"
3,7,8,10,"7:30"
3,10,9,11,"7:30"
3,11,6,1,"7:30"
3,11,10,3,"7:30"
3,11,12,8,"7:30"
3,11,7,2,"7:30"
3,14,12,7,"7:30"
3,14,1,8,"7:30"
3,14,2,9,"7:30"
3,14,4,6,"7:30"
3,14,5,10,"7:30"
3,14,3,11,"7:30"
3,17,1,10,"7:30"
3,18,5,3,"7:30"
3,18,6,9,"7:30"
3,18,11,4,"7:30"
3,21,7,1,"7:30"
3,21,8,3,"7:30"
3,21,12,6,"7:30"
3,22,9,4,"7:30"
3,24,3,12,"7:30"
3,25,4,7,"7:30"
3,25,10,6,"7:30"
3,25,8,5,"7:30"
3,25,2,11,"7:30"
3,28,11,1,"7:30"
3,28,9,3,"7:30"
3,28,5,7,"7:30"
3,29,6,8,"7:30"
3,31,8,4,"7:30"
4,1,1,9,"7:30"
4,1,7,6,"7:30"
4,1,11,5,"7:30"
4,1,12,2,"7:30"
4,4,4,12,"7:30"
4,4,10,2,"7:30"
4,7,2,8,"7:30"
4,8,12,1,"7:30"
4,8,3,7,"7:30"
4,8,9,5,"7:30"
4,8,4,10,"7:30"
4,8,6,11,"7:30"
4,11,5,6,"7:30"
4,11,7,10,"7:30"
4,11,11,12,"7:30"
4,11,1,2,"7:30"
4,11,3,4,"7:30"
4,12,9,8,"7:30"
4,14,6,4,"7:30"
4,15,5,1,"7:30"
4,15,2,3,"7:30"
4,15,10,9,"7:30"
4,15,7,11,"7:30"
4,15,8,12,"7:30"
4,18,6,3,"7:30"
4,18,8,7,"7:30"
4,18,2,5,"7:30"
4,18,10,11,"7:30"
4,18,1,4,"7:30"
4,19,12,9,"7:30"
4,21,4,2,"7:30"
4,22,9,7,"7:30"
4,22,11,8,"7:30"
4,22,1,6,"7:30"
4,22,3,5,"7:30"
4,22,12,10,"7:30"
4,25,3,1,"7:30"
4,25,10,8,"7:30"
4,25,11,9,"7:30"
4,25,7,12,"7:30"
4,25,6,2,"7:30"
4,25,5,4,"7:30"
