2,28,6,2,"7:30"
2,28,3,5,"7:30"
2,28,4,7,"7:30"
2,28,1,8,"7:30"
3,2,4,2,"7:30"
3,2,6,7,"7:30"
3,4,1,5,"7:30"
3,4,3,8,"7:30"
3,7,2,1,"7:30"
3,7,7,3,"7:30"
3,7,5,4,"7:30"
3,7,8,6,"7:30"
3,9,7,1,"7:30"
3,9,2,3,"7:30"
3,11,6,5,"7:30"
3,11,4,8,"7:30"
3,14,5,2,"7:30"
3,14,6,3,"7:30"
3,14,1,4,"7:30"
3,14,8,7,"7:30"
3,18,3,4,"7:30"
3,18,1,6,"7:30"
3,18,5,7,"7:30"
3,18,2,8,"7:30"
3,21,3,1,"7:30"
3,21,7,2,"7:30"
3,21,8,5,"7:30"
3,23,4,6,"7:30"
3,28,8,1,"7:30"
3,28,5,3,"7:30"
3,28,7,4,"7:30"
3,28,2,6,"7:30"
3,30,2,4,"7:30"
3,30,7,6,"7:30"
4,1,5,1,"7:30"
4,1,8,3,"7:30"
4,4,1,2,"7:30"
4,4,4,5,"7:30"
4,4,3,7,"7:30"
4,4,6,8,"7:30"
4,6,3,2,"7:30"
4,6,5,6,"7:30"
4,6,1,7,"7:30"
4,11,4,1,"7:30"
4,11,2,5,"7:30"
4,11,3,6,"7:30"
4,11,7,8,"7:30"
4,15,6,1,"7:30"
4,15,8,2,"7:30"
4,15,4,3,"7:30"
4,15,7,5,"7:30"
4,18,1,3,"7:30"
4,18,6,4,"7:30"
4,18,2,7,"7:30"
4,18,5,8,"7:30"
4,20,8,4,"7:30"
