 41 
 41 
 49 
 49 
 48 
 48 
 48 
 48 
 47 
 47 
 47 
 47 
 44 
 44 
 48 
 48 
 47 
 47 
 45 
 45 
 49 
 49 
 49 
 49 
 49 
 49 
 45 
 45 
 45 
 45 
 47 
 47 
 45 
 45 
 48 
 48 
 47 
 47 
 45 
 45 
 53 
 53 
 47 
 47 
 47 
 47 
 46 
 46 
 51 
 51 
 47 
 47 
 47 
 47 
 48 
 48 
 48 
 48 
 53 
 53 
 56 
 56 
 51 
 51 
 51 
 45 
 45 
 45 
 45 
 45 
 51 
 51 
 53 
 53 
 46 
 46 
 46 
 46 
 44 
 44 
 45 
 45 
 41 
 41 
 49 
 49 
 41 
 41 
 44 
 44 
 45 
 45 
 45 
 45 
 45 
 45 
 41 
 41 
 49 
 49 
 49 
 49 
 43 
 43 
 43 
 43 
 47 
 47 
 48 
 48 
 45 
 45 
 44 
 44 
 43 
 43 
 43 
 43 
 47 
 47 
 45 
 45 
 43 
 43 
 49 
 49 
 39 
 39 
 47 
 47 
 44 
 44 
 49 
 49 
 48 
 48 
 46 
 46 
 45 
 45 
 43 
 43 
 47 
 47 
 47 
 50 
 50 
 46 
 46 
 49 
 49 
 49 
 49 
 47 
 47 
 52 
 52 
 47 
 47 
 42 
 42 
 46 
 46 
 49 
 49 
 48 
 48 
 49 
 49 
 49 
 49 
 49 
 49 
 53 
 53 
 50 
 50 
 45 
 45 
 48 
 48 
 46 
 46 
 47 
 47 
 47 
 47 
 50 
 50 
 53 
 53 
 49 
 49 
 49 
 49 
 46 
 46 
 46 
 46 
 47 
 47 
 49 
 49 
 51 
 51 
 56 
 56 
 47 
 47 
 47 
 47 
 49 
 49 
 47 
 47 
 51 
 51 
 46 
 46 
 48 
 48 
 54 
 54 
 52 
 52 
 50 
 50 
 47 
 47 
 50 
 50 
 48 
 48 
 51 
 51 
 48 
 48 
 51 
 51 
 50 
 50 
 52 
 52 
 49 
 49 
 49 
 49 
 50 
 50 
 54 
 54 
 55 
 55 
 49 
 49 
 53 
 53 
 57 
 57 
 50 
 50 
 45 
 45 
 49 
 49 
 54 
 54 
 54 
 54 
 50 
 50 
 50 
 50 
 50 
 50 
 50 
 50 
 53 
 53 
 52 
 52 
 61 
 61 
 56 
 56 
 55 
 55 
 51 
 51 
 51 
 50 
 50 
 54 
 54 
 61 
 61 
 54 
 54 
 51 
 51 
 52 
 52 
 56 
 56 
 47 
 47 
 51 
 51 
 54 
 54 
 52 
 52 
 54 
 54 
 57 
 57 
 57 
 57 
 55 
 55 
 50 
 50 
 50 
 50 
 49 
 49 
 59 
 59 
 59 
 59 
 48 
 48 
 48 
 48 
 61 
 61 
 49 
 49 
 51 
 51 
 53 
 53 
 60 
 60 
 49 
 49 
 49 
 49 
 50 
 50 
 57 
 57 
 55 
 55 
 52 
 52 
 53 
 53 
 56 
 56 
 57 
 57 
 53 
 53 
 57 
 57 
 48 
 48 
 50 
 50 
 55 
 55 
 59 
 59 
 49 
 49 
 52 
 52 
 57 
 57 
 54 
 54 
 53 
 53 
 56 
 56 
 50 
 50 
 47 
 47 
 50 
 50 
 51 
 51 
 49 
 49 
 46 
 46 
 46 
 46 
 49 
 49 
 52 
 52 
 53 
 53 
 56 
 56 
 53 
 53 
 49 
 49 
 50 
 50 
 49 
 49 
 53 
 53 
 52 
 52 
 48 
 48 
 54 
 54 
 56 
 56 
 56 
 56 
 53 
 53 
 53 
 53 
 49 
 49 
 49 
 49 
 51 
 51 
 53 
 53 
 54 
 54 
 48 
 48 
 54 
 54 
 53 
 53 
 53 
 53 
 53 
 53 
 53 
 53 
 51 
 51 
 51 
 51 
 54 
 54 
 54 
 54 
 50 
 50 
 50 
 50 
 57 
 57 
 53 
 53 
 55 
 55 
 51 
 51 
 51 
 51 
 53 
 53 
 51 
 51 
 57 
 57 
 50 
 50 
 57 
 57 
 54 
 54 
 48 
 48 
 53 
 53 
 55 
 55 
 51 
 51 
 53 
 53 
 51 
 51 
 57 
 57 
 53 
 53 
 57 
 57 
 54 
 54 
